# Number of x values
80
# x values
0.0
0.012578616352201259
0.025157232704402517
0.03773584905660377
0.050314465408805034
0.06289308176100629
0.07547169811320754
0.0880503144654088
0.10062893081761007
0.11320754716981132
0.12578616352201258
0.13836477987421383
0.1509433962264151
0.16352201257861634
0.1761006289308176
0.18867924528301888
0.20125786163522014
0.2138364779874214
0.22641509433962265
0.2389937106918239
0.25157232704402516
0.2641509433962264
0.27672955974842767
0.2893081761006289
0.3018867924528302
0.31446540880503143
0.3270440251572327
0.33962264150943394
0.3522012578616352
0.36477987421383645
0.37735849056603776
0.389937106918239
0.4025157232704403
0.41509433962264153
0.4276729559748428
0.44025157232704404
0.4528301886792453
0.46540880503144655
0.4779874213836478
0.49056603773584906
0.5031446540880503
0.5157232704402516
0.5283018867924528
0.5408805031446541
0.5534591194968553
0.5660377358490566
0.5786163522012578
0.5911949685534591
0.6037735849056604
0.6163522012578616
0.6289308176100629
0.6415094339622641
0.6540880503144654
0.6666666666666666
0.6792452830188679
0.6918238993710691
0.7044025157232704
0.7169811320754716
0.7295597484276729
0.7421383647798742
0.7547169811320755
0.7672955974842768
0.779874213836478
0.7924528301886793
0.8050314465408805
0.8176100628930818
0.8301886792452831
0.8427672955974843
0.8553459119496856
0.8679245283018868
0.8805031446540881
0.8930817610062893
0.9056603773584906
0.9182389937106918
0.9308176100628931
0.9433962264150944
0.9559748427672956
0.9685534591194969
0.9811320754716981
0.9937106918238994
# y values
0.03069484824439896
-0.004170231977634678
0.07914323351441166
0.06793866377761454
0.06118752102615349
0.03798950799434658
0.16572683279600264
0.11937018382825569
0.08341661333712608
0.019894874464357535
0.061579485576951566
0.07084017623146427
0.06814717782090937
0.05526707445397934
0.10190878772244402
0.1245057920062034
0.07640072300713543
0.14253208821036045
0.19092680384962624
0.1336541060933285
0.1674729924355286
0.2083220327795816
0.14128198755341115
0.15611431142495544
0.20731884926291896
0.1059564761183497
0.16607107676943494
0.1692433447738965
0.15840832432794164
0.22298414342336165
0.1941222473654678
0.1898449971922881
0.7505698084043733
0.759694762225468
0.7241148203786174
0.7483729563923526
0.777929009947082
0.7979445668551053
0.7770740516219282
0.8015598862639219
0.8352183910149528
0.7942985283402978
0.8242806333256916
0.8360816846697583
0.7994145239156846
0.8760183788627479
0.8532252790739681
0.787707687135165
0.814111491701933
0.8636763618281587
0.8148510327097712
0.8660890777430217
0.8168398080384104
0.9199694272227832
0.8906509376896211
0.9027578890850734
0.9410129270171315
0.9486825614048117
0.9457281671331023
0.8878834955225289
0.9253215889907097
0.9843589615016488
0.9156423284784669
0.9631946580705586
0.9403042909445941
0.8839253363803969
0.8914770031108351
0.9331126747693349
0.9027866638060312
0.9098726387174271
0.8977104894014184
0.8962863787877433
0.9109291681006002
0.9530460187626172
0.9850563521859489
0.9870450060349938
0.9879582162689016
1.1025345047354707
1.0577237153462193
0.9949036514330527
